image_width: 640
image_height: 480
camera_name: ir_camera
camera_matrix:
  rows: 3
  cols: 3
  data: [549.6005 ,   0.     , 299.57522,
           0.     , 548.21847, 276.57636,
           0.     ,   0.     ,   1.     ]
distortion_model: plumb_bob
distortion_coefficients:
  rows: 1
  cols: 5
  data: [-0.084705, 0.051737, 0.008754, -0.010732, 0.000000]
rectification_matrix:
  rows: 3
  cols: 3
  data: [1., 0., 0.,
         0., 1., 0.,
         0., 0., 1.]
projection_matrix:
  rows: 3
  cols: 4
  data: [534.92859,   0.     , 291.6642 ,   0.     ,
           0.     , 537.43536, 279.9202 ,   0.     ,
           0.     ,   0.     ,   1.     ,   0.     ]
